0 0.105418 0.421516 0.024414 0.016844
0 0.101895 0.473822 0.034430 0.027004
0 0.099080 0.531830 0.025199 0.017309
0 0.513863 0.907459 0.031609 0.020691
0 0.387734 0.539648 0.053758 0.050211
0 0.452637 0.574514 0.039797 0.031840
0 0.518367 0.324889 0.035586 0.029223
0 0.465785 0.637744 0.039414 0.033449
0 0.267016 0.739053 0.047188 0.040480
0 0.505338 0.855838 0.030699 0.020691
0 0.902875 0.106102 0.022969 0.025016
0 0.845934 0.071389 0.029789 0.022059
0 0.742064 0.155330 0.063035 0.066801
0 0.885949 0.423615 0.056586 0.054426
0 0.817225 0.273416 0.060035 0.054121
0 0.774527 0.295418 0.053555 0.062195
0 0.740465 0.577008 0.025016 0.029656
0 0.081318 0.597322 0.030715 0.019582
0 0.124830 0.707479 0.047754 0.040137
0 0.575705 0.590850 0.040902 0.033559
0 0.603898 0.970818 0.031930 0.020371
0 0.151379 0.389445 0.040172 0.032687
0 0.316209 0.305232 0.030082 0.026137
0 0.707160 0.295156 0.068109 0.066859
0 0.640354 0.260553 0.051082 0.049082
0 0.561975 0.228246 0.030004 0.030875
0 0.587287 0.844699 0.024004 0.019031
0 0.531504 0.416127 0.061539 0.062082
0 0.933064 0.092174 0.021715 0.025582
0 0.950143 0.063260 0.030418 0.023402
0 0.957125 0.028199 0.028992 0.022078
