0 0.365652 0.423756 0.053211 0.046277
0 0.311652 0.543701 0.037250 0.040387
0 0.266762 0.492535 0.025516 0.022375
0 0.358650 0.586699 0.044371 0.038148
0 0.412273 0.507697 0.023906 0.028160
0 0.478506 0.536924 0.021449 0.024066
0 0.548488 0.566543 0.021945 0.027289
0 0.592148 0.596049 0.039680 0.050371
0 0.624896 0.641756 0.021262 0.025129
0 0.663496 0.636924 0.022969 0.028199
0 0.823699 0.475111 0.022922 0.022238
0 0.745553 0.698920 0.021121 0.024395
0 0.818072 0.653773 0.025426 0.021242
0 0.837555 0.750730 0.021602 0.026148
0 0.881125 0.780299 0.022109 0.025270
0 0.927236 0.801539 0.030480 0.023375
0 0.925365 0.855105 0.038941 0.036195
0 0.871889 0.947754 0.051848 0.041070
0 0.688604 0.404367 0.036840 0.042844
0 0.631102 0.066766 0.011844 0.014133
