0 0.268266 0.698404 0.050367 0.041277
0 0.346510 0.748242 0.025270 0.021648
0 0.402168 0.783098 0.025555 0.022375
0 0.477762 0.670168 0.050219 0.040648
0 0.657984 0.937637 0.050484 0.041273
0 0.752789 0.521174 0.050758 0.050348
0 0.484881 0.333236 0.016145 0.016262
0 0.503869 0.348244 0.017965 0.020809
0 0.505576 0.370873 0.015238 0.018988
0 0.489715 0.377809 0.018078 0.019898
0 0.697494 0.332178 0.027402 0.021605
0 0.714551 0.304605 0.026492 0.021719
0 0.676422 0.208535 0.025016 0.021414
0 0.392324 0.300945 0.013266 0.018195
0 0.404502 0.281900 0.012793 0.018191
0 0.315199 0.261863 0.018352 0.020648
0 0.299891 0.229117 0.018422 0.021695
0 0.332842 0.240783 0.009277 0.012824
0 0.277855 0.236010 0.018555 0.021285
0 0.253021 0.209879 0.021832 0.027969
0 0.169980 0.154484 0.021383 0.026977
0 0.080467 0.099729 0.021699 0.027004
0 0.148654 0.300857 0.027902 0.022043
