0 0.637203 0.759701 0.031766 0.031762
0 0.377590 0.218611 0.027445 0.024332
0 0.370092 0.269539 0.039043 0.040742
0 0.353258 0.318910 0.050078 0.043289
0 0.337838 0.367008 0.045270 0.041023
0 0.229199 0.365170 0.023813 0.023574
0 0.198076 0.420342 0.042676 0.048098
0 0.241793 0.430158 0.023383 0.026723
0 0.171258 0.528201 0.022203 0.025543
0 0.254742 0.550539 0.022648 0.026195
0 0.284008 0.607025 0.025242 0.023738
0 0.269752 0.654510 0.044207 0.040387
0 0.258902 0.706016 0.025242 0.022516
0 0.179631 0.738080 0.023605 0.027426
0 0.231066 0.804744 0.029750 0.022457
0 0.103563 0.860115 0.026063 0.023605
0 0.364809 0.737529 0.049516 0.042441
0 0.352746 0.786924 0.038117 0.039098
0 0.339580 0.836830 0.042832 0.039098
0 0.529635 0.623266 0.042832 0.044383
0 0.638090 0.651652 0.042437 0.051273
0 0.686924 0.665215 0.043441 0.050906
0 0.734963 0.676512 0.040848 0.044422
0 0.782404 0.685148 0.022199 0.023578
0 0.807760 0.742332 0.049691 0.042422
0 0.798133 0.792326 0.044227 0.040277
0 0.687311 0.790283 0.040363 0.050941
0 0.534107 0.731371 0.024066 0.022922
0 0.760062 0.942453 0.044617 0.039008
0 0.893139 0.873002 0.037332 0.040277
0 0.880230 0.923475 0.049906 0.040082
0 0.976152 0.538158 0.024922 0.023309
0 0.592949 0.901488 0.016898 0.018398
