0 0.696252 0.076900 0.042082 0.045191
0 0.663895 0.780100 0.037523 0.030246
0 0.642145 0.686150 0.065766 0.059762
0 0.632555 0.609387 0.066586 0.059492
0 0.622777 0.532947 0.050359 0.052340
0 0.687166 0.955309 0.033402 0.030125
0 0.826863 0.878287 0.053992 0.051871
0 0.812027 0.752430 0.049609 0.050758
0 0.637455 0.394607 0.052723 0.047480
0 0.665871 0.336156 0.048937 0.042898
0 0.726047 0.271520 0.048383 0.050930
0 0.796416 0.629680 0.050590 0.050586
0 0.899799 0.518318 0.059754 0.064168
0 0.437363 0.963283 0.064367 0.054230
0 0.427932 0.892434 0.054465 0.051164
0 0.427225 0.819105 0.032301 0.030414
0 0.257326 0.806682 0.049512 0.052340
0 0.405676 0.710021 0.053836 0.049512
0 0.341820 0.430668 0.042437 0.041852
0 0.225355 0.330580 0.046211 0.049277
0 0.163229 0.305234 0.049746 0.058000
0 0.746354 0.042844 0.026035 0.030781
0 0.209889 0.133922 0.049277 0.054703
0 0.369035 0.211609 0.040789 0.047859
0 0.558109 0.187176 0.035039 0.042734
0 0.652535 0.116115 0.035203 0.042730
