0 0.833789 0.735643 0.026492 0.027402
0 0.255029 0.059996 0.026332 0.037797
0 0.421502 0.130373 0.038887 0.037934
0 0.236609 0.288580 0.025109 0.035059
0 0.190598 0.295687 0.024352 0.025203
0 0.248576 0.385832 0.025051 0.034055
0 0.306535 0.441254 0.026031 0.027672
0 0.236377 0.469662 0.029473 0.037660
0 0.313699 0.720205 0.033016 0.027973
0 0.272629 0.760047 0.026469 0.026336
0 0.457832 0.620406 0.027328 0.026328
0 0.507139 0.660488 0.028488 0.028687
0 0.512443 0.560480 0.028488 0.028688
0 0.697939 0.728297 0.025379 0.024148
0 0.745705 0.831154 0.025129 0.024332
0 0.769781 0.864486 0.026438 0.023879
0 0.809588 0.872918 0.028488 0.028000
0 0.841270 0.842629 0.026031 0.024398
0 0.852246 0.773391 0.026492 0.027969
0 0.819447 0.705984 0.028191 0.027469
0 0.805125 0.675758 0.026438 0.023594
0 0.787604 0.646687 0.027855 0.027102
0 0.769932 0.616416 0.026246 0.027574
