0 0.528893 0.061256 0.043855 0.050223
0 0.433992 0.116311 0.043617 0.049043
0 0.385422 0.144367 0.044563 0.049516
0 0.561074 0.180322 0.043148 0.055410
0 0.508143 0.212506 0.041496 0.050926
0 0.454504 0.241623 0.045031 0.053051
0 0.401691 0.272746 0.043148 0.045977
0 0.350998 0.303633 0.042676 0.046445
0 0.287459 0.338291 0.041496 0.046918
0 0.238771 0.370357 0.043145 0.051637
0 0.188906 0.399594 0.043383 0.049750
0 0.203875 0.320137 0.053992 0.045508
0 0.466836 0.414211 0.053992 0.046445
0 0.495129 0.463371 0.054461 0.046211
0 0.524717 0.514299 0.053285 0.046684
0 0.560084 0.575951 0.056113 0.050691
0 0.587553 0.626525 0.056348 0.041496
0 0.670545 0.633836 0.047863 0.058945
0 0.646732 0.720717 0.056348 0.045504
0 0.681271 0.783553 0.048098 0.043855
0 0.699191 0.858057 0.043383 0.044324
0 0.730668 0.912639 0.055406 0.046449
0 0.890404 0.823750 0.042441 0.050219
0 0.946283 0.796049 0.033949 0.041496
0 0.852076 0.597047 0.054621 0.047156
0 0.690539 0.486830 0.032773 0.025699
0 0.751486 0.448752 0.030652 0.025934
