0 0.034213 0.363873 0.039371 0.046918
0 0.147504 0.460658 0.022164 0.022637
0 0.216350 0.435902 0.040082 0.034422
0 0.291090 0.426354 0.022633 0.024754
0 0.204324 0.516184 0.038195 0.037016
0 0.249002 0.532687 0.037488 0.041734
0 0.295687 0.555676 0.035133 0.042437
0 0.339424 0.580314 0.041027 0.047863
0 0.388109 0.599648 0.037961 0.042203
0 0.452240 0.692660 0.046918 0.042437
0 0.427484 0.740404 0.052578 0.041730
0 0.403438 0.798641 0.029000 0.023813
0 0.356635 0.886939 0.050457 0.037723
0 0.334473 0.934447 0.042438 0.037957
0 0.251877 0.862094 0.018418 0.015148
0 0.269545 0.801377 0.024832 0.022238
0 0.303727 0.730563 0.025516 0.021695
0 0.322965 0.696930 0.029609 0.022922
0 0.212430 0.655189 0.023195 0.026199
0 0.173885 0.628857 0.022512 0.029199
0 0.032799 0.621564 0.030699 0.023879
0 0.039979 0.649939 0.025770 0.023879
0 0.051348 0.677037 0.023688 0.021223
0 0.066764 0.740900 0.025582 0.023691
0 0.009654 0.949621 0.018871 0.026375
0 0.480594 0.361744 0.040867 0.049121
0 0.486096 0.433852 0.045582 0.042438
0 0.568027 0.470102 0.044797 0.042242
0 0.579521 0.546236 0.042637 0.053051
0 0.628443 0.529438 0.041066 0.052852
0 0.730611 0.496725 0.040277 0.046762
0 0.827182 0.463420 0.041262 0.046566
0 0.805570 0.393475 0.026328 0.024168
0 0.720592 0.368619 0.024168 0.025934
0 0.703596 0.303684 0.027113 0.023773
0 0.691219 0.276471 0.031828 0.025543
0 0.784939 0.239041 0.027113 0.022988
0 0.794369 0.266549 0.025934 0.023379
0 0.781949 0.347256 0.024070 0.024723
0 0.898879 0.168783 0.043250 0.040113
0 0.935068 0.265141 0.044590 0.039109
0 0.951041 0.314436 0.044613 0.040660
0 0.932213 0.376244 0.053621 0.044754
0 0.912707 0.425971 0.022242 0.026332
0 0.523834 0.812355 0.027855 0.021945
0 0.544238 0.770469 0.042570 0.037984
0 0.566834 0.721104 0.040934 0.040113
0 0.690273 0.771195 0.022289 0.022742
0 0.664373 0.637963 0.040129 0.043387
0 0.718070 0.617461 0.022930 0.026719
0 0.762176 0.605049 0.040648 0.042637
0 0.827178 0.582309 0.039699 0.043398
0 0.875785 0.565158 0.043867 0.047566
