0 0.563430 0.103178 0.030945 0.027832
0 0.206740 0.112059 0.019668 0.020922
0 0.176723 0.117232 0.023539 0.024902
0 0.394852 0.114410 0.031109 0.027508
0 0.426287 0.157635 0.029473 0.026199
0 0.452813 0.192182 0.028492 0.025871
0 0.504354 0.424152 0.026918 0.030648
0 0.484805 0.472486 0.035367 0.029473
0 0.461916 0.566109 0.033988 0.031633
0 0.460834 0.605307 0.033793 0.029473
0 0.485199 0.648334 0.048727 0.051871
0 0.468109 0.748637 0.034227 0.027742
0 0.409209 0.875908 0.049707 0.045223
0 0.339957 0.962684 0.050453 0.045977
0 0.560076 0.866348 0.054605 0.052906
