0 0.331375 0.749939 0.061805 0.062566
0 0.055557 0.638469 0.033949 0.043117
0 0.128961 0.623801 0.066656 0.076914
0 0.212832 0.595416 0.060797 0.073613
0 0.295787 0.564469 0.077277 0.073984
0 0.392111 0.520520 0.061895 0.070320
0 0.543738 0.465215 0.057500 0.060062
0 0.633104 0.444338 0.034059 0.035895
0 0.940623 0.319527 0.062262 0.074164
0 0.146088 0.818104 0.033574 0.044254
0 0.199881 0.795340 0.033824 0.044000
0 0.246297 0.773084 0.033062 0.043238
0 0.404879 0.717131 0.057734 0.063582
0 0.493643 0.687246 0.033824 0.033320
0 0.652439 0.617086 0.033910 0.037937
0 0.694619 0.586354 0.035184 0.043871
0 0.755023 0.580949 0.046203 0.052984
0 0.852627 0.545766 0.046840 0.053836
0 0.911230 0.529975 0.034758 0.043027
0 0.956799 0.505918 0.034762 0.037305
0 0.943023 0.605754 0.025437 0.037320
0 0.886434 0.624928 0.034336 0.034973
0 0.842453 0.654494 0.029039 0.036879
0 0.791479 0.664033 0.034762 0.041543
0 0.735418 0.683533 0.034547 0.038152
0 0.689955 0.712039 0.025012 0.034547
0 0.985182 0.699365 0.029637 0.039848
0 0.368971 0.928119 0.076473 0.078582
