0 0.258176 0.274375 0.050359 0.041203
0 0.367012 0.344373 0.025758 0.024137
0 0.487850 0.416174 0.050543 0.041754
0 0.612443 0.494980 0.026918 0.022891
0 0.696801 0.428855 0.042602 0.042391
0 0.719416 0.529402 0.038363 0.043023
0 0.780883 0.569355 0.054047 0.052984
0 0.875197 0.659115 0.051504 0.051504
0 0.787635 0.900713 0.040949 0.049340
0 0.348338 0.827463 0.040441 0.051121
0 0.292764 0.793764 0.039168 0.043238
0 0.130879 0.690139 0.051273 0.052496
0 0.088605 0.855715 0.050969 0.050969
0 0.309158 0.981547 0.038559 0.036906
0 0.899693 0.180336 0.038684 0.043273
0 0.828867 0.143334 0.051398 0.051223
0 0.704682 0.041332 0.038684 0.050164
0 0.110604 0.186484 0.030027 0.022961
