0 0.945297 0.797656 0.033914 0.041859
0 0.866721 0.321514 0.024590 0.032238
0 0.342057 0.065385 0.041457 0.034590
0 0.481053 0.090437 0.041715 0.047055
0 0.506486 0.149318 0.061551 0.051887
0 0.504072 0.212521 0.046035 0.059262
0 0.454855 0.242914 0.041711 0.056461
0 0.400428 0.272035 0.042730 0.048070
0 0.349814 0.303576 0.042223 0.050105
0 0.238617 0.372805 0.042219 0.050867
0 0.189402 0.403836 0.033320 0.042219
0 0.627426 0.434705 0.060797 0.050543
0 0.493563 0.466203 0.055305 0.045414
0 0.523596 0.517662 0.056035 0.047980
0 0.650766 0.573426 0.042391 0.042602
0 0.586756 0.627047 0.056379 0.042602
0 0.614840 0.675055 0.054469 0.043664
0 0.643100 0.723559 0.043449 0.042602
0 0.698270 0.860957 0.047539 0.042391
0 0.738158 0.913209 0.028699 0.025316
0 0.770393 0.651949 0.048426 0.042094
0 0.803877 0.702215 0.044746 0.040477
0 0.851346 0.599881 0.055449 0.046035
0 0.947230 0.700725 0.045781 0.053410
0 0.890014 0.825650 0.041332 0.049809
