0 0.918908 0.773053 0.043449 0.039387
0 0.902219 0.821803 0.025961 0.023137
0 0.950525 0.899957 0.041332 0.044508
0 0.861684 0.970785 0.022609 0.023313
0 0.636996 0.758971 0.032086 0.032527
0 0.612783 0.853611 0.038121 0.040184
0 0.507029 0.823363 0.050926 0.043273
0 0.254023 0.547510 0.023102 0.026574
0 0.373547 0.216320 0.045039 0.039594
0 0.282848 0.605668 0.027391 0.023305
0 0.268189 0.651693 0.048145 0.043746
0 0.259541 0.705129 0.025910 0.023281
0 0.114561 0.752494 0.048746 0.052809
0 0.229303 0.802400 0.050777 0.042441
0 0.339793 0.837004 0.042602 0.040695
0 0.352350 0.786664 0.048816 0.043055
0 0.365084 0.736730 0.049160 0.042391
0 0.388602 0.636467 0.038563 0.039301
0 0.485445 0.606250 0.023305 0.027352
0 0.532789 0.617350 0.022570 0.022816
0 0.575902 0.635748 0.024164 0.028949
0 0.687521 0.661750 0.039863 0.039250
0 0.780881 0.688777 0.022996 0.027000
0 0.782609 0.840861 0.050797 0.041090
0 0.769783 0.890709 0.051191 0.040457
0 0.757174 0.940467 0.050926 0.043270
0 0.975795 0.537914 0.024793 0.023484
0 0.269564 0.146615 0.049441 0.043582
0 0.366113 0.266951 0.050781 0.042832
0 0.288908 0.311887 0.042215 0.046805
0 0.343090 0.368016 0.025883 0.022078
0 0.214979 0.538924 0.022895 0.025145
