0 0.257709 0.164496 0.027082 0.037094
0 0.315406 0.182967 0.047102 0.049309
0 0.553510 0.183408 0.032676 0.036207
0 0.615930 0.045496 0.046797 0.039422
0 0.745260 0.044605 0.036879 0.042219
0 0.340619 0.431631 0.049387 0.042176
0 0.371352 0.490660 0.052352 0.047477
0 0.388096 0.563676 0.060832 0.054469
0 0.399752 0.640721 0.064645 0.058074
0 0.230885 0.578977 0.053340 0.050867
0 0.269195 0.904445 0.037375 0.030922
0 0.425668 0.893193 0.063586 0.054223
0 0.435736 0.962254 0.050160 0.049984
0 0.722555 0.269748 0.050633 0.055785
0 0.637574 0.397555 0.060789 0.053156
0 0.694295 0.452799 0.049809 0.042566
0 0.628574 0.610311 0.059875 0.055285
0 0.633078 0.753395 0.035328 0.029141
0 0.810236 0.753264 0.050871 0.051293
0 0.675754 0.875664 0.033703 0.029883
