0 0.481779 0.856545 0.051082 0.057176
0 0.040477 0.170035 0.064367 0.064602
0 0.150230 0.254205 0.079219 0.067434
0 0.133490 0.342963 0.084879 0.070520
0 0.447584 0.162477 0.053191 0.054039
0 0.389441 0.228115 0.060266 0.055738
0 0.345729 0.289793 0.062809 0.060266
0 0.314182 0.363639 0.059699 0.055738
0 0.287588 0.437059 0.054605 0.054891
0 0.243592 0.495059 0.062809 0.054891
0 0.677057 0.255090 0.060574 0.065336
0 0.582510 0.280094 0.065285 0.053523
0 0.542781 0.363322 0.065523 0.055410
0 0.491146 0.430518 0.059863 0.053520
0 0.442000 0.491348 0.056352 0.043617
0 0.360895 0.589076 0.068141 0.050457
0 0.370914 0.706256 0.064602 0.068848
0 0.492551 0.713447 0.065547 0.064840
0 0.580871 0.639295 0.055406 0.059887
0 0.655012 0.598742 0.064156 0.066961
0 0.775832 0.523885 0.072383 0.063426
0 0.688037 0.444160 0.038613 0.040250
0 0.830275 0.451928 0.038902 0.038668
0 0.916568 0.367992 0.053051 0.056586
0 0.719033 0.741719 0.038496 0.038969
0 0.765125 0.742045 0.038984 0.041262
0 0.813023 0.746793 0.038477 0.041914
0 0.915355 0.805705 0.035695 0.041590
0 0.807512 0.867797 0.037977 0.043094
0 0.900951 0.870621 0.036387 0.039133
0 0.313004 0.832869 0.031828 0.036152
0 0.361432 0.858410 0.051668 0.056977
0 0.603484 0.965561 0.032883 0.037527
0 0.704752 0.967691 0.037520 0.040797
0 0.753600 0.969807 0.037793 0.041207
0 0.797193 0.969059 0.037387 0.036430
