0 0.749727 0.362842 0.022453 0.027668
0 0.069568 0.838156 0.022855 0.023648
0 0.096518 0.826045 0.023082 0.027402
0 0.134947 0.820588 0.018762 0.025129
0 0.127865 0.904320 0.013871 0.019328
0 0.147244 0.895395 0.013973 0.019445
0 0.206256 0.868730 0.013746 0.019555
0 0.225137 0.860260 0.013305 0.019668
0 0.181180 0.961705 0.019781 0.023082
0 0.210059 0.975805 0.017055 0.021266
0 0.904650 0.033264 0.024105 0.027176
0 0.932904 0.040768 0.023988 0.027629
0 0.961387 0.047762 0.023648 0.027289
0 0.854607 0.127773 0.024559 0.028789
0 0.894518 0.140598 0.023879 0.025516
0 0.935246 0.148719 0.024563 0.027016
0 0.913865 0.256471 0.024480 0.026926
0 0.778391 0.377625 0.022930 0.026531
0 0.706426 0.487754 0.022172 0.026438
0 0.686428 0.644799 0.023738 0.020059
0 0.707578 0.686143 0.039297 0.035340
0 0.802447 0.809240 0.030973 0.024832
0 0.593359 0.720717 0.022648 0.030973
0 0.618807 0.768336 0.024152 0.020875
0 0.651623 0.805721 0.040660 0.036434
0 0.687166 0.849586 0.039434 0.035203
0 0.702842 0.926787 0.039293 0.046121
0 0.507127 0.895117 0.024426 0.021422
0 0.530840 0.928799 0.028086 0.025582
0 0.558559 0.960561 0.024633 0.021004
0 0.584576 0.991809 0.022027 0.016383
0 0.133182 0.048217 0.026723 0.023785
0 0.172932 0.071668 0.022457 0.024633
0 0.205334 0.079723 0.023973 0.025961
0 0.233334 0.087777 0.024824 0.028805
0 0.144830 0.244512 0.024887 0.028656
0 0.199436 0.245822 0.025707 0.027996
0 0.166412 0.370854 0.024676 0.029020
0 0.221660 0.510771 0.019781 0.026605
0 0.182707 0.527213 0.022922 0.025926
0 0.069594 0.578721 0.022648 0.027699
0 0.098449 0.694979 0.039102 0.041848
0 0.144916 0.669732 0.023184 0.024363
0 0.191875 0.657254 0.022398 0.028883
0 0.238344 0.637410 0.024953 0.033203
0 0.009311 0.846748 0.018621 0.021199
0 0.037334 0.852143 0.025012 0.026379
