0 0.849324 0.270828 0.076391 0.069320
0 0.897684 0.872592 0.037383 0.041754
0 0.804465 0.864705 0.037656 0.040254
0 0.811529 0.745316 0.029277 0.030648
0 0.718104 0.738539 0.037332 0.033203
0 0.536986 0.887506 0.032910 0.032582
0 0.479029 0.855424 0.050691 0.057371
0 0.419408 0.858674 0.037793 0.035887
0 0.306076 0.836521 0.026410 0.037488
0 0.487635 0.717455 0.062871 0.061496
0 0.546283 0.694762 0.033207 0.035758
0 0.580564 0.639980 0.053754 0.056586
0 0.902082 0.613662 0.064227 0.064223
0 0.685672 0.445887 0.037492 0.039297
0 0.369516 0.707699 0.062750 0.067406
0 0.506594 0.578152 0.056586 0.062086
0 0.417566 0.553586 0.037656 0.032336
0 0.442236 0.496559 0.063660 0.056305
0 0.489863 0.434432 0.068844 0.060355
0 0.626871 0.215939 0.055641 0.054699
0 0.244020 0.499693 0.058234 0.052105
0 0.282334 0.439100 0.060832 0.057293
0 0.314754 0.366717 0.056352 0.055879
0 0.346584 0.295043 0.062480 0.053992
0 0.386584 0.228381 0.059926 0.055801
0 0.342738 0.060705 0.068375 0.062949
0 0.036508 0.172281 0.065187 0.065523
0 0.440963 0.161768 0.058848 0.054324
0 0.125525 0.168191 0.063941 0.073844
0 0.264301 0.216430 0.072148 0.064508
