0 0.955361 0.691410 0.028355 0.025664
0 0.917746 0.164820 0.052852 0.050102
0 0.412480 0.123658 0.059531 0.047941
0 0.356387 0.158336 0.019648 0.016305
0 0.242121 0.223275 0.048664 0.056020
0 0.139314 0.193967 0.025871 0.033895
0 0.198350 0.236687 0.032066 0.043852
0 0.279820 0.232230 0.017289 0.022594
0 0.306049 0.248539 0.023379 0.017094
0 0.350453 0.268580 0.030453 0.043027
0 0.405369 0.291666 0.045191 0.050301
0 0.452523 0.270645 0.020828 0.020828
0 0.496662 0.297945 0.023059 0.017875
0 0.492021 0.322438 0.023059 0.019375
0 0.478311 0.347270 0.020191 0.016648
0 0.189432 0.305832 0.037660 0.031383
0 0.200771 0.332006 0.017168 0.015238
0 0.232381 0.334451 0.029676 0.041957
0 0.275547 0.353340 0.028898 0.036383
0 0.055500 0.466021 0.047352 0.055996
0 0.109631 0.492908 0.044535 0.052395
0 0.215775 0.547227 0.048098 0.059180
0 0.267422 0.576953 0.044992 0.050102
0 0.316340 0.583240 0.027836 0.029473
0 0.341826 0.555088 0.029199 0.029879
0 0.036232 0.654773 0.030152 0.025648
0 0.100771 0.613117 0.044480 0.043938
0 0.157260 0.644574 0.041098 0.042406
0 0.368016 0.980340 0.052578 0.039320
0 0.426840 0.929324 0.048570 0.046211
0 0.491312 0.423051 0.019375 0.023875
0 0.511168 0.450963 0.019555 0.019215
0 0.581791 0.476963 0.026215 0.031598
0 0.627084 0.368393 0.029941 0.036074
0 0.671957 0.388291 0.026039 0.028652
0 0.708453 0.407789 0.034680 0.028992
0 0.708203 0.444186 0.032336 0.028246
0 0.687475 0.479398 0.031840 0.026055
0 0.674918 0.515166 0.034016 0.026340
0 0.789566 0.551121 0.023766 0.020375
0 0.810207 0.518422 0.020922 0.021375
0 0.838074 0.491016 0.028047 0.036195
0 0.876070 0.500965 0.028047 0.032406
0 0.904578 0.525932 0.030875 0.024793
0 0.916861 0.566285 0.028520 0.027859
0 0.939174 0.597459 0.031457 0.028426
0 0.939783 0.636162 0.031496 0.029902
0 0.904863 0.703373 0.028109 0.030480
0 0.866812 0.692326 0.028234 0.029660
0 0.878305 0.745602 0.027062 0.026039
0 0.731865 0.757154 0.025582 0.025809
0 0.767738 0.776824 0.029563 0.029906
0 0.801965 0.797687 0.027742 0.031609
0 0.824521 0.877691 0.018988 0.028766
0 0.793426 0.904695 0.025016 0.032062
0 0.755447 0.895883 0.022285 0.029680
0 0.726453 0.871266 0.027969 0.036609
0 0.695734 0.980150 0.021695 0.026332
