0 0.728199 0.684508 0.024828 0.021320
0 0.771217 0.674813 0.021793 0.024797
0 0.739295 0.657705 0.025051 0.021121
0 0.762158 0.605627 0.024348 0.021512
0 0.783232 0.553354 0.024004 0.021793
0 0.806143 0.500668 0.023973 0.021414
0 0.816896 0.474896 0.025207 0.021980
0 0.828602 0.448783 0.024695 0.022105
0 0.840188 0.422072 0.021516 0.021715
0 0.982166 0.116164 0.035668 0.036727
0 0.875404 0.036594 0.041730 0.036727
0 0.585359 0.011492 0.025867 0.021414
0 0.489234 0.200826 0.036195 0.037809
0 0.453908 0.178371 0.019785 0.023992
0 0.428324 0.166943 0.019102 0.025926
0 0.250750 0.409855 0.038477 0.048164
0 0.300115 0.430348 0.036184 0.038477
0 0.332180 0.300307 0.038344 0.043387
0 0.377070 0.315178 0.020602 0.024559
0 0.422572 0.342945 0.033020 0.034250
0 0.669197 0.824713 0.024543 0.022457
0 0.693211 0.770605 0.024164 0.022188
