0 0.439660 0.180236 0.049117 0.049574
0 0.383889 0.160680 0.035816 0.037977
0 0.372621 0.319230 0.036156 0.039023
0 0.328072 0.300881 0.039020 0.042434
0 0.689068 0.771240 0.021379 0.020809
0 0.827621 0.448266 0.025789 0.021555
0 0.344273 0.451225 0.039297 0.048301
0 0.881496 0.352045 0.041852 0.048527
0 0.789008 0.307102 0.021148 0.021695
0 0.981854 0.116523 0.036293 0.038641
0 0.735822 0.155557 0.040605 0.037332
0 0.701574 0.745316 0.025242 0.021945
0 0.718404 0.711320 0.021832 0.021719
0 0.750877 0.632033 0.024543 0.022270
0 0.806473 0.500727 0.025242 0.021148
0 0.817182 0.473984 0.025926 0.021695
0 0.488604 0.199977 0.038316 0.042242
