0 0.624273 0.250963 0.034383 0.030785
0 0.571842 0.200803 0.036543 0.031832
0 0.510988 0.382633 0.059414 0.047391
0 0.427664 0.264086 0.060773 0.053984
0 0.377615 0.220051 0.067621 0.072148
0 0.301648 0.220900 0.053187 0.056301
0 0.164033 0.264139 0.061301 0.054621
0 0.170930 0.357641 0.065547 0.063656
0 0.287049 0.461504 0.075543 0.063945
0 0.257338 0.542455 0.067434 0.058473
0 0.161449 0.565883 0.068242 0.060094
0 0.298318 0.613291 0.061535 0.054465
0 0.207428 0.712197 0.059887 0.051871
0 0.346865 0.676148 0.072621 0.057531
0 0.248715 0.782588 0.068375 0.056191
0 0.299900 0.844576 0.060121 0.053246
0 0.343863 0.911215 0.057797 0.046336
0 0.415355 0.484002 0.059766 0.052121
0 0.454434 0.545664 0.069586 0.053211
0 0.500850 0.603672 0.053754 0.052344
0 0.886600 0.032910 0.073090 0.065820
0 0.820174 0.924885 0.085160 0.079785
0 0.931365 0.907201 0.035934 0.038762
0 0.616748 0.809678 0.035082 0.031973
0 0.644857 0.848291 0.034973 0.031238
0 0.183309 0.128066 0.073562 0.063188
