0 0.075311 0.101236 0.027832 0.032473
0 0.130639 0.225330 0.031949 0.025926
0 0.413893 0.245461 0.022270 0.026031
0 0.385926 0.265418 0.015445 0.021320
0 0.925123 0.049242 0.034215 0.027836
0 0.946609 0.082563 0.033953 0.027242
0 0.924229 0.143180 0.031043 0.026609
0 0.898535 0.176445 0.034109 0.027289
0 0.885004 0.205051 0.023164 0.021914
0 0.854805 0.227090 0.028984 0.023789
0 0.920328 0.295816 0.023406 0.023687
0 0.862672 0.317514 0.031461 0.037145
0 0.813693 0.282881 0.023309 0.031934
0 0.781336 0.284303 0.027766 0.031934
0 0.748314 0.292498 0.025395 0.031645
0 0.715910 0.287998 0.026719 0.032879
0 0.683598 0.293113 0.027102 0.033828
0 0.650340 0.294820 0.025773 0.029281
0 0.943021 0.430846 0.025770 0.023215
0 0.978678 0.484420 0.024160 0.019707
0 0.905631 0.545033 0.028426 0.025488
0 0.914303 0.580422 0.033066 0.025016
0 0.918234 0.622066 0.034867 0.026625
0 0.911887 0.663189 0.024445 0.020754
0 0.883963 0.803338 0.021512 0.019801
0 0.971117 0.805189 0.016922 0.024832
0 0.956885 0.833668 0.026816 0.022930
0 0.917113 0.891824 0.018008 0.019227
0 0.903783 0.920471 0.032121 0.025871
0 0.951920 0.956049 0.025301 0.022551
0 0.820732 0.882258 0.025488 0.031172
0 0.759484 0.916635 0.017508 0.025582
0 0.726908 0.923740 0.018309 0.025926
0 0.639312 0.927217 0.016867 0.024918
