0 0.861020 0.761520 0.030586 0.027172
0 0.676717 0.205725 0.036348 0.028652
0 0.279740 0.396686 0.025934 0.028293
0 0.227553 0.373045 0.023059 0.020191
0 0.233447 0.482125 0.024316 0.028508
0 0.235523 0.580518 0.021891 0.019996
0 0.228180 0.637180 0.034680 0.028523
0 0.229469 0.711541 0.034586 0.026340
0 0.282982 0.773139 0.017879 0.024363
0 0.230947 0.817758 0.035137 0.028086
0 0.325660 0.833658 0.028047 0.037996
0 0.384961 0.357748 0.035695 0.028980
0 0.468281 0.345797 0.032883 0.027016
0 0.465076 0.411221 0.036566 0.029879
0 0.469244 0.527049 0.043223 0.030848
0 0.384682 0.536381 0.036512 0.026199
0 0.382127 0.574672 0.037863 0.030930
0 0.388467 0.679176 0.037770 0.031125
0 0.388336 0.724393 0.037898 0.031270
0 0.383754 0.893240 0.044344 0.038090
0 0.469350 0.630277 0.036793 0.031664
0 0.469646 0.744607 0.035887 0.031246
0 0.471738 0.816840 0.032836 0.026656
0 0.472633 0.852525 0.035797 0.028098
0 0.621291 0.347635 0.036574 0.026527
0 0.619258 0.413137 0.036586 0.026055
0 0.617236 0.448021 0.036902 0.026871
0 0.617510 0.520822 0.037348 0.026137
0 0.617391 0.555883 0.029531 0.027875
0 0.612498 0.590625 0.035848 0.027875
0 0.621893 0.751984 0.035973 0.026539
0 0.621293 0.824080 0.037508 0.026293
0 0.621896 0.859316 0.035598 0.026320
0 0.763068 0.348043 0.034488 0.026344
0 0.708537 0.381301 0.035723 0.026148
0 0.711541 0.416809 0.036387 0.026055
0 0.712541 0.592338 0.026848 0.026215
0 0.710377 0.643939 0.026926 0.027793
0 0.707100 0.715871 0.037426 0.026531
0 0.703734 0.751783 0.035375 0.026215
0 0.709760 0.823246 0.037332 0.025961
0 0.710297 0.895846 0.033242 0.023848
0 0.862801 0.353246 0.030477 0.021633
0 0.950605 0.381260 0.029687 0.021871
0 0.950904 0.477189 0.029848 0.021605
0 0.859541 0.547094 0.030715 0.022664
0 0.951152 0.539584 0.030586 0.022512
0 0.858918 0.662725 0.030016 0.027629
0 0.860168 0.695117 0.027289 0.027172
0 0.862385 0.728330 0.025129 0.028082
0 0.853004 0.793482 0.027289 0.027176
0 0.863346 0.861742 0.028980 0.028664
0 0.870059 0.895273 0.026609 0.027078
0 0.947943 0.761496 0.031426 0.027477
