0 0.611145 0.493305 0.050930 0.041734
0 0.488893 0.418865 0.050301 0.041457
0 0.641561 0.934227 0.048332 0.047156
0 0.435045 0.971338 0.049980 0.049512
0 0.346445 0.824713 0.050297 0.050496
0 0.084447 0.855313 0.050926 0.051633
0 0.711459 0.531910 0.049285 0.050758
0 0.856820 0.487031 0.050594 0.051086
0 0.833541 0.340586 0.021965 0.028789
0 0.799918 0.204293 0.049312 0.040477
0 0.894818 0.181402 0.050496 0.051672
0 0.824871 0.143680 0.051281 0.052461
0 0.756691 0.102123 0.051281 0.052262
0 0.699518 0.042197 0.050496 0.052262
0 0.224766 0.664721 0.051867 0.050301
