0 0.419656 0.129098 0.039133 0.038641
0 0.073959 0.217088 0.035816 0.024902
0 0.188709 0.294045 0.024012 0.027426
0 0.245812 0.381354 0.025242 0.026473
0 0.301330 0.512816 0.026910 0.030320
0 0.267352 0.558156 0.030414 0.027570
0 0.332248 0.609369 0.028332 0.030129
0 0.426734 0.601273 0.026336 0.023742
0 0.492172 0.612289 0.022172 0.025867
0 0.408041 0.927980 0.032746 0.027742
0 0.596676 0.549629 0.026336 0.026063
0 0.617687 0.575758 0.024969 0.023742
0 0.662619 0.668498 0.030020 0.025652
0 0.744463 0.830412 0.028199 0.024559
0 0.769854 0.862254 0.024637 0.025203
0 0.853631 0.807914 0.025395 0.028711
0 0.819189 0.704600 0.030246 0.030020
0 0.786473 0.644912 0.025203 0.027855
