0 0.462193 0.267256 0.043387 0.033074
0 0.289506 0.875502 0.037137 0.032223
0 0.355090 0.880730 0.047352 0.052656
0 0.420025 0.870219 0.059730 0.060320
0 0.492330 0.862852 0.061301 0.061695
0 0.563553 0.853713 0.065035 0.071715
0 0.635367 0.846543 0.065625 0.071516
0 0.706395 0.839371 0.059141 0.057172
0 0.778992 0.842318 0.065625 0.070535
0 0.849193 0.840492 0.059926 0.056781
0 0.914980 0.840008 0.039133 0.042898
0 0.735520 0.706404 0.029063 0.029199
0 0.787438 0.721072 0.034383 0.039160
0 0.831850 0.699854 0.030152 0.036293
0 0.896729 0.700127 0.057582 0.050480
0 0.929152 0.639117 0.034680 0.034453
0 0.780902 0.360191 0.031383 0.031656
0 0.774840 0.280926 0.030945 0.034547
0 0.740377 0.180715 0.028379 0.030836
0 0.701900 0.178531 0.034387 0.034109
0 0.582809 0.211189 0.036547 0.031238
0 0.587793 0.260641 0.031930 0.029063
0 0.584381 0.300482 0.037387 0.034246
0 0.475783 0.304422 0.037168 0.035039
0 0.452451 0.229760 0.031762 0.033074
0 0.420359 0.199061 0.031109 0.043715
0 0.366574 0.201023 0.030945 0.033891
0 0.291994 0.218789 0.032418 0.044859
0 0.258760 0.279580 0.038340 0.033840
0 0.211414 0.329793 0.033977 0.034383
0 0.281068 0.358582 0.037660 0.034656
0 0.287346 0.397811 0.036840 0.034793
