0 0.524824 0.312904 0.038633 0.037004
0 0.522693 0.261326 0.037988 0.036676
0 0.522529 0.208441 0.032746 0.036352
0 0.524805 0.163480 0.037250 0.037016
0 0.773145 0.495262 0.072383 0.068844
0 0.774418 0.651980 0.067195 0.065781
0 0.776188 0.729080 0.059414 0.063895
0 0.778191 0.807119 0.072852 0.070496
0 0.928178 0.809268 0.039434 0.037660
0 0.931225 0.731662 0.067590 0.065035
0 0.936727 0.652873 0.075844 0.067395
0 0.936137 0.568584 0.078594 0.068965
0 0.927354 0.474549 0.060316 0.064051
0 0.931449 0.381406 0.067336 0.065641
0 0.603979 0.425779 0.048098 0.057762
0 0.772529 0.417254 0.071582 0.069320
0 0.771396 0.339164 0.072715 0.068187
0 0.393408 0.157230 0.038668 0.039609
0 0.777744 0.059574 0.035840 0.036781
0 0.494562 0.824127 0.036703 0.036020
0 0.776660 0.184959 0.039375 0.037020
0 0.684510 0.238717 0.064348 0.063691
0 0.927857 0.269281 0.074410 0.068187
0 0.251117 0.136955 0.036547 0.039137
0 0.295916 0.135658 0.037488 0.034660
0 0.341537 0.155109 0.035840 0.035367
0 0.937764 0.165437 0.075684 0.068141
0 0.471395 0.932631 0.038312 0.036676
0 0.450215 0.832906 0.037633 0.039609
0 0.303260 0.835207 0.037168 0.034875
0 0.404463 0.774350 0.044863 0.035527
0 0.319303 0.716041 0.036543 0.033949
0 0.473383 0.716748 0.036781 0.040082
0 0.528553 0.721936 0.037254 0.044801
0 0.514453 0.638334 0.068570 0.064840
0 0.547363 0.572316 0.042047 0.037727
0 0.519955 0.528012 0.036348 0.036742
0 0.508166 0.473094 0.057566 0.049906
0 0.521547 0.359404 0.037984 0.037004
