0 0.298174 0.819598 0.027387 0.031555
0 0.203891 0.041059 0.027016 0.018664
0 0.074328 0.169791 0.020469 0.016520
0 0.064260 0.225223 0.020629 0.015063
0 0.122111 0.175582 0.015012 0.019648
0 0.142715 0.171150 0.016375 0.023332
0 0.183307 0.176400 0.016238 0.021832
0 0.205273 0.176402 0.015961 0.022922
0 0.120352 0.229588 0.020195 0.014871
0 0.152805 0.236756 0.018289 0.014309
0 0.317373 0.168285 0.015465 0.021828
0 0.344775 0.160781 0.018418 0.027969
0 0.370859 0.153869 0.018305 0.027973
0 0.398092 0.157223 0.015465 0.022852
0 0.175518 0.291096 0.020355 0.021379
0 0.159295 0.331215 0.025488 0.018570
0 0.153137 0.353246 0.025867 0.017719
0 0.136127 0.374328 0.024066 0.017055
0 0.142383 0.403652 0.022359 0.019234
0 0.136934 0.454061 0.025680 0.017910
0 0.071176 0.476232 0.020750 0.016395
0 0.101545 0.514607 0.021035 0.015824
0 0.160422 0.526797 0.026187 0.017836
0 0.077424 0.585074 0.026121 0.017172
0 0.091604 0.611098 0.022105 0.015922
0 0.107066 0.633141 0.021187 0.017633
0 0.126875 0.653887 0.021398 0.017609
0 0.140996 0.976430 0.050258 0.047141
0 0.180873 0.570727 0.021715 0.017625
0 0.196154 0.592693 0.020793 0.018293
0 0.234459 0.629123 0.022254 0.019965
0 0.327189 0.660875 0.020770 0.025031
0 0.354703 0.666742 0.020758 0.023055
0 0.382902 0.732924 0.021320 0.015723
0 0.386922 0.756141 0.028031 0.018359
0 0.400377 0.824711 0.026449 0.030953
0 0.940385 0.161682 0.031160 0.024996
0 0.651898 0.148389 0.025586 0.029449
0 0.679312 0.171393 0.023766 0.029293
0 0.710775 0.182061 0.026910 0.029855
0 0.742705 0.181207 0.027098 0.034383
0 0.781697 0.183576 0.026059 0.032113
0 0.816633 0.192355 0.023375 0.028266
0 0.868756 0.240518 0.023879 0.028426
0 0.893437 0.263779 0.024164 0.026246
0 0.906135 0.291162 0.031363 0.026246
0 0.916605 0.323330 0.027477 0.026910
0 0.925092 0.353893 0.034270 0.027715
0 0.934121 0.464402 0.033430 0.026719
0 0.899568 0.541564 0.029184 0.024543
0 0.871971 0.607236 0.026496 0.023762
0 0.857475 0.638449 0.024105 0.027289
0 0.826379 0.665055 0.041039 0.046617
0 0.785215 0.679381 0.026719 0.027973
0 0.753150 0.677219 0.027402 0.029563
0 0.716994 0.676766 0.026723 0.029109
0 0.686693 0.686771 0.028426 0.032746
0 0.652932 0.777900 0.026879 0.029199
0 0.733160 0.784176 0.026609 0.034109
0 0.764883 0.794205 0.025922 0.034520
0 0.841564 0.773738 0.024285 0.032883
0 0.844498 0.843324 0.022785 0.028242
0 0.907875 0.844963 0.034930 0.027699
0 0.887818 0.884803 0.034113 0.024152
0 0.926570 0.933309 0.034656 0.027016
0 0.906580 0.964418 0.031246 0.027289
0 0.985568 0.952363 0.028863 0.025773
