0 0.685156 0.685203 0.027742 0.028766
0 0.648260 0.682871 0.027176 0.026609
0 0.652578 0.777205 0.027195 0.033918
0 0.693891 0.777537 0.025867 0.033066
0 0.732775 0.783316 0.025965 0.031836
0 0.764613 0.793406 0.027477 0.034773
0 0.798678 0.793834 0.024730 0.034301
0 0.824023 0.816811 0.024258 0.029277
0 0.886082 0.808729 0.024219 0.033770
0 0.888779 0.884672 0.029371 0.025820
0 0.944266 0.881502 0.030156 0.024426
0 0.925381 0.932859 0.034520 0.025516
0 0.908346 0.964389 0.034793 0.026723
0 0.218541 0.098947 0.016496 0.022832
0 0.160568 0.135400 0.022176 0.016910
0 0.332779 0.122057 0.028105 0.020465
0 0.424334 0.149412 0.018559 0.026879
0 0.300279 0.094521 0.018145 0.027699
0 0.344240 0.160260 0.017738 0.027832
0 0.317498 0.164830 0.019105 0.027152
0 0.290891 0.172404 0.018828 0.028652
0 0.268311 0.183592 0.017871 0.027832
0 0.204385 0.178271 0.017465 0.026473
0 0.182760 0.175951 0.016238 0.022379
0 0.163385 0.173631 0.017059 0.021832
0 0.122588 0.175406 0.014871 0.018555
0 0.110035 0.191643 0.020055 0.014465
0 0.106146 0.211973 0.021285 0.015828
0 0.151529 0.237570 0.020738 0.015281
0 0.192461 0.241594 0.020469 0.014602
0 0.187072 0.268883 0.026605 0.018148
0 0.159305 0.308793 0.022102 0.021016
0 0.098588 0.342904 0.020738 0.024832
0 0.152551 0.353273 0.026336 0.018281
0 0.141840 0.404168 0.023742 0.020195
0 0.132018 0.428590 0.025926 0.018281
0 0.135564 0.454242 0.024832 0.018281
0 0.149686 0.475391 0.021965 0.017734
0 0.076947 0.584996 0.028379 0.017328
0 0.126080 0.654146 0.019238 0.015145
0 0.147094 0.674816 0.019781 0.015828
0 0.214658 0.612230 0.021793 0.017625
0 0.257582 0.639662 0.019328 0.022832
0 0.276865 0.661785 0.020184 0.019898
0 0.300457 0.664961 0.019992 0.024539
0 0.326752 0.660840 0.021605 0.024445
0 0.354230 0.666760 0.020086 0.024730
0 0.384314 0.674105 0.017152 0.020656
0 0.390898 0.708406 0.027859 0.018570
0 0.386076 0.756066 0.028613 0.018477
0 0.400668 0.799936 0.028047 0.031934
0 0.214779 0.822045 0.048957 0.048465
0 0.139984 0.976969 0.050297 0.046063
0 0.678555 0.171750 0.025242 0.028516
0 0.710619 0.181914 0.027152 0.029469
0 0.783344 0.178980 0.037797 0.042437
0 0.817113 0.191193 0.024563 0.028926
0 0.841605 0.215139 0.025242 0.026059
0 0.868689 0.239902 0.024285 0.026469
0 0.956686 0.263096 0.026246 0.030793
0 0.905187 0.290766 0.033727 0.026359
0 0.913240 0.323596 0.031270 0.026910
0 0.924863 0.353793 0.029469 0.027563
0 0.928547 0.393020 0.043117 0.039156
0 0.928002 0.430809 0.031926 0.027141
0 0.931482 0.463418 0.031246 0.026320
0 0.899098 0.540752 0.029961 0.025051
0 0.889437 0.576857 0.034219 0.029145
0 0.873229 0.609520 0.032582 0.028328
0 0.857100 0.637928 0.023574 0.028816
0 0.822717 0.655447 0.025543 0.032418
0 0.789725 0.676896 0.026035 0.033402
0 0.752557 0.678207 0.027668 0.035367
0 0.716125 0.677305 0.026852 0.029961
