0 0.533150 0.101041 0.025676 0.023785
0 0.498115 0.187309 0.038770 0.040820
0 0.387547 0.092051 0.024477 0.023688
0 0.391680 0.119779 0.025242 0.023762
0 0.374225 0.142861 0.024902 0.023309
0 0.379285 0.171230 0.025016 0.023195
0 0.379852 0.197666 0.008414 0.011027
0 0.572500 0.229254 0.022852 0.025242
0 0.450871 0.373805 0.043664 0.040820
0 0.391799 0.367258 0.018379 0.019422
0 0.351187 0.273086 0.022625 0.022625
0 0.339943 0.335141 0.017871 0.018555
0 0.309252 0.419361 0.025707 0.023410
0 0.279512 0.538865 0.025242 0.023605
0 0.337941 0.637682 0.023117 0.025582
0 0.424898 0.475885 0.043812 0.040277
0 0.520113 0.434361 0.039141 0.043145
0 0.604639 0.397697 0.040316 0.043855
0 0.601686 0.547498 0.025770 0.023215
0 0.680893 0.628307 0.031949 0.037637
0 0.527008 0.693686 0.023195 0.023879
0 0.507783 0.764541 0.032301 0.037723
0 0.352406 0.756406 0.039375 0.044563
0 0.273045 0.733256 0.022652 0.023605
0 0.223174 0.774734 0.041887 0.039703
0 0.208848 0.824127 0.042164 0.038887
0 0.198547 0.875156 0.047484 0.043250
0 0.183879 0.924209 0.050078 0.040660
0 0.296539 0.975260 0.050297 0.049480
0 0.060465 0.942232 0.050484 0.043387
0 0.033455 0.843705 0.039113 0.038660
0 0.111305 0.742545 0.050883 0.043113
0 0.085502 0.688250 0.018965 0.022797
