0 0.221564 0.264041 0.065035 0.059926
0 0.375957 0.161264 0.059531 0.059730
0 0.383305 0.234963 0.059141 0.060715
0 0.031172 0.699746 0.029883 0.036430
0 0.096896 0.699779 0.057309 0.051832
0 0.128852 0.638992 0.034547 0.034875
0 0.255904 0.683246 0.037637 0.034000
0 0.048977 0.840922 0.059141 0.056391
0 0.115387 0.840531 0.037133 0.044602
0 0.265299 0.821373 0.030059 0.026723
0 0.408846 0.595227 0.062871 0.061891
0 0.423582 0.684035 0.073484 0.080750
0 0.428691 0.772432 0.076234 0.065035
0 0.435469 0.857016 0.075250 0.063266
0 0.641018 0.150820 0.064012 0.059125
0 0.650473 0.223742 0.075211 0.065781
0 0.655299 0.296447 0.075645 0.064840
0 0.664141 0.367344 0.059273 0.059930
0 0.799309 0.140162 0.064641 0.060121
0 0.813945 0.227299 0.073484 0.081145
0 0.816600 0.313848 0.073285 0.064445
0 0.677096 0.567629 0.067621 0.063094
0 0.682639 0.639965 0.075449 0.064250
0 0.689320 0.710992 0.058945 0.058945
0 0.693152 0.784670 0.064641 0.058551
0 0.701207 0.856387 0.063859 0.058945
0 0.845316 0.569035 0.073563 0.080633
0 0.853098 0.656744 0.074031 0.081105
0 0.858285 0.742920 0.073562 0.063895
0 0.859109 0.831570 0.065313 0.062953
