0 0.144764 0.191586 0.026316 0.027906
0 0.151771 0.326164 0.058074 0.063164
0 0.335777 0.379170 0.027227 0.030762
0 0.146795 0.122613 0.029676 0.027023
0 0.143527 0.155291 0.028438 0.027730
0 0.414709 0.251650 0.027105 0.032871
0 0.683928 0.295373 0.027730 0.030910
0 0.748578 0.293205 0.028211 0.027105
0 0.781941 0.288668 0.027969 0.032258
0 0.858369 0.231926 0.031176 0.024430
0 0.884936 0.207436 0.025348 0.022488
0 0.924234 0.147270 0.030539 0.026984
0 0.921758 0.106365 0.029930 0.025145
0 0.947516 0.081895 0.032625 0.026250
0 0.986727 0.218189 0.026547 0.027816
0 0.944594 0.276477 0.023859 0.031352
0 0.919793 0.301496 0.032250 0.023992
0 0.740080 0.412834 0.016559 0.025145
0 0.802154 0.433613 0.022223 0.022375
0 0.824895 0.454293 0.022078 0.019281
0 0.977869 0.488521 0.025043 0.021871
0 0.970271 0.807053 0.024551 0.034621
0 0.942012 0.869225 0.023141 0.017660
0 0.893705 0.869932 0.022254 0.025434
0 0.886375 0.808025 0.025961 0.021020
0 0.639531 0.931238 0.027555 0.025438
0 0.715457 0.968195 0.035008 0.026828
0 0.988953 0.934668 0.019078 0.024445
