0 0.268094 0.524303 0.023563 0.027105
0 0.270232 0.558645 0.030051 0.026617
0 0.275078 0.590352 0.034836 0.027719
0 0.513236 0.591471 0.025863 0.024324
0 0.617615 0.575311 0.025246 0.024121
0 0.679180 0.699541 0.027477 0.024652
0 0.727693 0.798879 0.024277 0.023922
0 0.769229 0.865785 0.025043 0.028281
0 0.808920 0.848707 0.027426 0.024789
0 0.852039 0.773564 0.027844 0.028090
0 0.822246 0.705207 0.030664 0.028211
0 0.787537 0.646164 0.026168 0.027289
0 0.364465 0.383313 0.024242 0.022281
0 0.365826 0.451600 0.037395 0.024785
0 0.373559 0.488867 0.036672 0.024531
0 0.292740 0.494252 0.026246 0.034465
