0 0.158889 0.562490 0.029730 0.027965
0 0.160506 0.595533 0.028848 0.027965
0 0.163744 0.628135 0.029730 0.027816
0 0.159551 0.661326 0.029289 0.027082
0 0.152264 0.693338 0.026199 0.028113
0 0.163187 0.761707 0.029438 0.028258
0 0.170029 0.795561 0.028113 0.027668
0 0.248203 0.661504 0.030172 0.027352
0 0.348803 0.743295 0.023254 0.028410
0 0.348141 0.276402 0.022078 0.017367
0 0.427035 0.249467 0.015602 0.021785
0 0.395904 0.304148 0.029879 0.019281
0 0.396787 0.327402 0.022816 0.016633
0 0.397008 0.351027 0.022375 0.016484
0 0.405457 0.451057 0.021508 0.016613
0 0.402414 0.667572 0.021437 0.016324
0 0.489203 0.519838 0.026547 0.018457
0 0.485850 0.268750 0.020605 0.015602
0 0.482803 0.315025 0.025402 0.017418
0 0.482555 0.357465 0.021453 0.016437
0 0.535850 0.388588 0.028113 0.032824
0 0.483375 0.549316 0.025758 0.017516
0 0.490221 0.580668 0.028848 0.018102
0 0.486332 0.678178 0.030664 0.021871
0 0.497625 0.737908 0.030469 0.028262
0 0.657781 0.273219 0.048750 0.043023
0 0.663326 0.320205 0.033559 0.027965
0 0.588939 0.552041 0.019285 0.028613
0 0.658354 0.574400 0.043238 0.038574
0 0.866850 0.272172 0.010902 0.010562
0 0.747145 0.319676 0.033484 0.026492
0 0.833457 0.478551 0.031086 0.038328
0 0.879293 0.472543 0.027375 0.033383
0 0.748902 0.725396 0.029289 0.027082
0 0.403020 0.603809 0.020977 0.015211
0 0.640094 0.167604 0.021359 0.016660
0 0.062873 0.247820 0.034754 0.024633
0 0.013195 0.281348 0.026391 0.026344
0 0.014961 0.316379 0.029922 0.026641
0 0.012773 0.492180 0.025547 0.026492
0 0.011730 0.544000 0.023461 0.027844
0 0.012650 0.615631 0.025301 0.026371
0 0.010898 0.651523 0.021797 0.026344
0 0.014211 0.723867 0.028422 0.026789
0 0.013393 0.796611 0.026785 0.023918
0 0.162664 0.253195 0.030297 0.021711
0 0.250482 0.281096 0.030027 0.021637
0 0.250721 0.376736 0.030754 0.022043
0 0.251463 0.439473 0.030926 0.022891
0 0.158936 0.446680 0.031582 0.022469
0 0.756418 0.770656 0.033727 0.026344
