0 0.839109 0.966602 0.029609 0.042977
0 0.555887 0.972928 0.027289 0.028082
0 0.688990 0.855166 0.035770 0.044012
0 0.762691 0.893916 0.018078 0.025129
0 0.792881 0.900682 0.020012 0.026152
0 0.823193 0.880764 0.026137 0.027715
0 0.839855 0.850846 0.033641 0.025301
0 0.828531 0.815533 0.035531 0.028426
0 0.801766 0.795871 0.027289 0.030797
0 0.766611 0.776447 0.026723 0.029090
0 0.731945 0.755404 0.027172 0.028426
0 0.774420 0.683617 0.029371 0.033164
0 0.804111 0.668937 0.026332 0.029609
0 0.868568 0.690045 0.029199 0.031520
0 0.905066 0.702664 0.028516 0.031383
0 0.986484 0.683352 0.025773 0.030891
0 0.938748 0.635219 0.030926 0.029219
0 0.938113 0.596937 0.031078 0.028617
0 0.876031 0.498924 0.026492 0.031270
0 0.809797 0.516945 0.027289 0.029789
0 0.789383 0.550842 0.022766 0.018629
0 0.665469 0.549719 0.031055 0.029219
0 0.674270 0.513922 0.032883 0.025922
0 0.687256 0.478572 0.030871 0.025582
0 0.752129 0.454213 0.025898 0.033324
0 0.300533 0.203465 0.017168 0.024219
0 0.797740 0.391199 0.024676 0.019281
0 0.708234 0.407178 0.031742 0.029277
0 0.670762 0.386957 0.024352 0.029656
0 0.628137 0.374500 0.047977 0.053703
0 0.368404 0.979568 0.048551 0.040863
0 0.239805 0.985867 0.032063 0.025812
0 0.261965 0.938490 0.031930 0.025215
0 0.580811 0.475123 0.026293 0.035059
0 0.541219 0.469469 0.028109 0.034586
0 0.491439 0.421012 0.018855 0.023117
0 0.316293 0.584035 0.026719 0.029664
0 0.343307 0.554842 0.024285 0.026879
0 0.408961 0.498592 0.026945 0.031270
0 0.156508 0.643338 0.042844 0.043254
0 0.097934 0.611166 0.047891 0.055262
0 0.043236 0.586719 0.048098 0.056586
0 0.214041 0.545271 0.048793 0.060090
0 0.160746 0.519975 0.048305 0.056980
0 0.108271 0.492467 0.048137 0.056652
0 0.053420 0.466762 0.045191 0.046828
0 0.491260 0.323037 0.023332 0.017465
0 0.356406 0.395342 0.029469 0.035527
0 0.404422 0.290373 0.046023 0.051410
0 0.353490 0.262859 0.046684 0.052578
0 0.231447 0.332621 0.029223 0.042414
0 0.175502 0.308615 0.052121 0.048980
0 0.179596 0.266113 0.029746 0.025375
0 0.198150 0.235277 0.032473 0.044750
0 0.239697 0.220883 0.046254 0.052805
0 0.954758 0.875598 0.026266 0.035930
